11.86,4095
11.36,4095
11.74,4095
10.86,4095
10.17,4095
15.80,4095
13.70,4095
11.24,4095
11.55,4095
11.80,4095
11.18,4095
11.92,4095
11.49,4095
12.85,4095
7.30,4095
11.92,4095
11.36,4095
10.80,4095
11.24,4095
12.42,4095
9.01,4095
10.55,4095
10.93,4095
11.43,4095
10.42,4095
11.05,4095
15.08,4095
12.72,4095
9.59,4095
11.74,4095
11.61,4095
10.55,4095
10.93,4095
10.48,4095
14.60,4095
12.23,4095
9.01,4095
12.23,4095
11.55,4095
11.30,4095
11.11,4095
10.99,4095
11.18,4095
9.34,4095
11.86,4095
7.70,4095
11.43,4095
10.36,4095
10.29,4095
11.92,4095
10.67,4095
12.05,4095
10.10,4095
10.67,4095
10.17,4095
11.11,4095
10.23,4095
9.59,4095
13.09,4095
13.94,4095
12.29,4095
10.86,4095
10.23,4095
10.61,4095
11.18,4095
13.52,4095
12.66,4095
11.18,4095
11.11,4095
10.04,4095
11.18,4095
10.80,4095
10.36,4095
13.82,4095
12.54,4095
11.61,4095
11.98,4095
11.30,4095
11.36,4095
10.86,4095
11.24,4095
12.35,4095
11.49,4095
13.15,4095
9.27,4095
10.61,4095
11.74,4095
10.80,4095
10.86,4095
13.94,4095
13.39,4095
12.97,4095
11.67,4095
11.43,4095
11.74,4095
11.11,4095
11.61,4095
14.66,4095
12.11,4095
10.61,4095
11.11,4095
12.11,4095
11.18,4095
11.18,4095
13.76,4095
12.42,4095
11.67,4095
10.74,4095
11.30,4095
10.86,4095
11.11,4095
11.43,4095
13.09,4095
10.10,4095
15.26,4095
10.67,4095
12.11,4095
11.86,4095
10.67,4095
10.55,4095
10.29,4095
11.49,4095
11.86,4095
13.70,4095
11.80,4095
10.67,4095
12.17,4095
13.27,4095
12.48,4095
9.98,4095
11.36,4095
11.18,4095
11.05,4095
11.61,4095
11.18,4095
13.58,4095
14.60,4095
12.60,4095
11.61,4095
11.74,4095
12.11,4095
11.74,4095
10.74,4095
11.80,4095
10.99,4095
11.98,4095
11.98,4095
12.48,4095
11.67,4095
11.67,4095
12.97,4095
12.35,4095
11.98,4095
11.86,4095
11.36,4095
12.05,4095
11.36,4095
11.61,4095
12.35,4095
12.05,4095
11.30,4095
